Found RGB values in packets:
E.g. #ffea00:
Entire packet: 
0000   1c 00 a0 49 90 47 03 9f ff ff 00 00 00 00 1b 00
0010   00 01 00 04 00 00 02 25 00 00 00 01 06 8a 42 00
0020   20 41 00 ff ea 00 ff 52 00 c8 00 00 00 00 00 00
0030   00 00 00 00 00 00 00 00 00 00 00 00 00 00 00 00
0040   00

Payload:
06 8a 42 00 20 41 00 ff ea 00 ff 52 00 c8 00 00 00 00 00 00 00 00 00 00 00 00 00 00 00 00 00 00 00 00 00 00 00

E.g. #1500ff:
Entire packet: 
0000   1c 00 a0 09 c6 4a 03 9f ff ff 00 00 00 00 1b 00
0010   00 01 00 04 00 00 02 25 00 00 00 01 06 8a 42 00
0020   20 41 00 15 00 ff ff 52 00 c8 00 00 00 00 00 00
0030   00 00 00 00 00 00 00 00 00 00 00 00 00 00 00 00
0040   00

Payload:
06 8a 42 00 20 41 00 15 00 ff ff 52 00 c8 00 00 00 00 00 00 00 00 00 00 00 00 00 00 00 00 00 00 00 00 00 00 00
