0000   1c 00 a0 d9 19 49 03 9f ff ff 00 00 00 00 1b 00
0010   00 01 00 04 00 00 02 25 00 00 00 01 06 8a 42 00
0020   20 41 00 15 00 ff ff 52 00 c8 00 00 00 00 00 00
0030   00 00 00 00 00 00 00 00 00 00 00 00 00 00 00 00
0040   00
(No difference)

Second packet afterwards:
0000   1c 00 b0 19 e2 48 03 9f ff ff 00 00 00 00 1b 00
0010   00 01 00 04 00 00 02 25 00 00 00 01 06 8a 42 00
0020   20 41 08 00 01 00 00 00 00 00 00 00 00 00 00 00
0030   00 00 00 00 00 00 00 00 00 00 00 00 00 00 00 00
0040   00
(Difference 01 - 00)

Fourth packet afterwards:
0000   1c 00 a0 19 59 46 03 9f ff ff 00 00 00 00 1b 00
0010   00 01 00 04 00 00 02 25 00 00 00 01 06 8a 42 00
0020   20 60 00 00 00 00 00 00 00 00 00 00 00 00 00 00
0030   00 00 00 00 00 00 00 00 00 00 00 00 00 00 00 00
0040   00
(Difference 01 - 00)
