Color: #1500ff

Side1:
0000   1c 00 a0 d9 19 49 03 9f ff ff 00 00 00 00 1b 00
0010   00 01 00 04 00 00 02 25 00 00 00 01 06 8a 42 00
0020   20 41 00 15 00 ff ff 52 00 c8 00 00 00 00 00 00
0030   00 00 00 00 00 00 00 00 00 00 00 00 00 00 00 00
0040   00

Second packet afterwards:
0000   1c 00 10 f0 a2 47 03 9f ff ff 00 00 00 00 1b 00
0010   00 01 00 04 00 00 02 25 00 00 00 01 06 8a 42 00
0020   20 41 08 01 01 00 00 00 00 00 00 00 00 00 00 00
0030   00 00 00 00 00 00 00 00 00 00 00 00 00 00 00 00
0040   00

Fourth packet afterwards:
0000   1c 00 a0 48 3f 3a 03 9f ff ff 00 00 00 00 1b 00
0010   00 01 00 04 00 00 02 25 00 00 00 01 06 8a 42 00
0020   20 60 01 00 00 00 00 00 00 00 00 00 00 00 00 00
0030   00 00 00 00 00 00 00 00 00 00 00 00 00 00 00 00
0040   00
